mean: 0.00036459346301853657
std: 0.007035365793853998
