mean: 0.0002565285249147564
std: 0.005851939786225557
