mean: 0.00025147481937892735
std: 0.005774625577032566
