mean: 0.0012322452384978533
std: 0.009694634936749935
