mean: 0.0003648661950137466
std: 0.007000333163887262
